24937
37062
34823
17986
29956
49302
40065
24550
26682
25154
29601
24378
30040
17211
23470
34270
35505
25715
39568
48725
47823
29667
22660
31502
32731
39492
30657
17863
48271
43401
34440
37933
16732
46301
37779
47563
40425
42708
32792
42641
29518
45137
21705
31441
35710
28605
28734
31130
36723
47844
32948
18758
28242
17622
17297
22108
30539
25218
41962
45953
38247
41451
27023
46877
25803
28958
16748
43773
29623
47029
49231
34642
33667
46726
39279
49972
46208
31060
24764
29832
25059
24227
17683
16731
41648
36742
38184
31347
37456
40789
38521
45427
38380
26972
46927
41877
33318
20339
46120
42645
