8310
2768
920
304
99
31
8
12352
4115
1369
454
149
47
13
2
11605
3866
1286
426
140
44
12
2
5993
1995
663
219
71
21
5
9983
3325
1106
366
120
38
10
1
16432
5475
1823
605
199
64
19
4
13353
4449
1481
491
161
51
15
3
8181
2725
906
300
98
30
8
8892
2962
985
326
106
33
9
1
8382
2792
928
307
100
31
8
9865
3286
1093
362
118
37
10
1
8124
2706
900
298
97
30
8
10011
3335
1109
367
120
38
10
1
5735
1909
634
209
67
20
4
7821
2605
866
286
93
29
7
11421
3805
1266
420
138
44
12
2
11833
3942
1312
435
143
45
13
2
8569
2854
949
314
102
32
8
13187
4393
1462
485
159
51
15
3
16239
5411
1801
598
197
63
19
4
15939
5311
1768
587
193
62
18
4
9887
3293
1095
363
119
37
10
1
7551
2515
836
276
90
28
7
10498
3497
1163
385
126
40
11
1
10908
3634
1209
401
131
41
11
1
13162
4385
1459
484
159
51
15
3
10217
3403
1132
375
123
39
11
1
5952
1982
658
217
70
21
5
16088
5360
1784
592
195
63
19
4
14465
4819
1604
532
175
56
16
3
11478
3824
1272
422
138
44
12
2
12642
4212
1402
465
153
49
14
2
5575
1856
616
203
65
19
4
15431
5141
1711
568
187
60
18
4
12591
4195
1396
463
152
48
14
2
15852
5282
1758
584
192
62
18
4
13473
4489
1494
496
163
52
15
3
14234
4742
1578
524
172
55
16
3
10928
3640
1211
401
131
41
11
1
14211
4735
1576
523
172
55
16
3
9837
3277
1090
361
118
37
10
1
15043
5012
1668
554
182
58
17
3
7233
2409
801
265
86
26
6
10478
3490
1161
385
126
40
11
1
11901
3965
1319
437
143
45
13
2
9533
3175
1056
350
114
36
10
1
9576
3190
1061
351
115
36
10
1
10374
3456
1150
381
125
39
11
1
12239
4077
1357
450
148
47
13
2
15946
5313
1769
587
193
62
18
4
10980
3658
1217
403
132
42
12
2
6250
2081
691
228
74
22
5
9412
3135
1043
345
113
35
9
1
5872
1955
649
214
69
21
5
5763
1919
637
210
68
20
4
7367
2453
815
269
87
27
7
10177
3390
1128
374
122
38
10
1
8404
2799
931
308
100
31
8
13985
4659
1551
515
169
54
16
3
15315
5103
1699
564
186
60
18
4
12747
4247
1413
469
154
49
14
2
13815
4603
1532
508
167
53
15
3
9005
2999
997
330
108
34
9
1
15623
5205
1733
575
189
61
18
4
8599
2864
952
315
103
32
8
9650
3214
1069
354
116
36
10
1
5580
1858
617
203
65
19
4
14589
4861
1618
537
177
57
17
3
9872
3288
1094
362
118
37
10
1
15674
5222
1738
577
190
61
18
4
16408
5467
1820
604
199
64
19
4
11545
3846
1280
424
139
44
12
2
11220
3738
1244
412
135
43
12
2
15573
5189
1727
573
189
61
18
4
13091
4361
1451
481
158
50
14
2
16655
5549
1847
613
202
65
19
4
15400
5131
1708
567
187
60
18
4
10351
3448
1147
380
124
39
11
1
8252
2748
914
302
98
30
8
9942
3312
1102
365
119
37
10
1
8351
2781
925
306
100
31
8
8073
2689
894
296
96
30
8
5892
1962
652
215
69
21
5
5575
1856
616
203
65
19
4
13880
4624
1539
511
168
54
16
3
12245
4079
1357
450
148
47
13
2
12726
4240
1411
468
154
49
14
2
10447
3480
1158
384
126
40
11
1
12483
4159
1384
459
151
48
14
2
13594
4529
1507
500
164
52
15
3
12838
4277
1423
472
155
49
14
2
15140
5044
1679
557
183
59
17
3
12791
4261
1418
470
154
49
14
2
8988
2994
996
330
108
34
9
1
15640
5211
1735
576
190
61
18
4
13957
4650
1548
514
169
54
16
3
11104
3699
1231
408
134
42
12
2
6777
2257
750
248
80
24
6
15371
5121
1705
566
186
60
18
4
14213
4735
1576
523
172
55
16
3
24937
37062
34823
17986
29956
49302
40065
24550
26682
25154
29601
24378
30040
17211
23470
34270
35505
25715
39568
48725
47823
29667
22660
31502
32731
39492
30657
17863
48271
43401
34440
37933
16732
46301
37779
47563
40425
42708
32792
42641
29518
45137
21705
31441
35710
28605
28734
31130
36723
47844
32948
18758
28242
17622
17297
22108
30539
25218
41962
45953
38247
41451
27023
46877
25803
28958
16748
43773
29623
47029
49231
34642
33667
46726
39279
49972
46208
31060
24764
29832
25059
24227
17683
16731
41648
36742
38184
31347
37456
40789
38521
45427
38380
26972
46927
41877
33318
20339
46120
42645
